3574.0
3631.7
4457.7
5073.7
5019.3
4384.3
4193.6
3878.1
3884.2
3928.9
4255.9
4122.2
4207.6
4080.9
4138.7
4080.9
3934.9
3877.5
3938.1
3854.5
3642.1
3539.1
3588.7
3709.2
3765.3
3713.1
3648.3
3750.8
3719.6
3705.3
3717.7
3796.7
4066.1
4351.2
4302.1
4235.5
4059.6
4059.1
4104.6
4134.0
4087.6
4102.1
4128.2
3974.4
3888.7
3960.5
3811.1
3790.1
3857.1
3865.5
3995.8
4010.8
4023.7
4014.9
3997.3
4006.0
4011.3
4003.5
3989.6
3904.9
3815.1
3819.5
3889.4
3821.7
3788.2
3798.0
3791.9
3802.1
3791.3
3763.3
3784.4
3713.0
3691.2
3647.9
3699.3
3773.0
3770.5
3785.9
3806.0
3733.2
3729.0
3710.7
3677.4
3687.2
3711.2
3696.6
3678.8
3686.2
3690.3
3696.7
3686.1
3670.8
3632.9
3616.2
3624.0
3611.8
3532.6
3444.3
3440.7
3220.9
3220.0
3232.0
3432.8
3586.4
3806.5
3663.2
3532.9
3481.2
3497.1
3390.9
3390.8
3591.8
3721.3
3697.9
3652.8
3644.3
3650.4
3639.6
3621.0
3680.4
3915.5
4332.4
4400.1
4173.1
3916.0
3903.1
3996.9
4003.6
4022.7
3992.9
3927.1
3795.0
3761.6
3885.4
3969.7
3956.9
3914.1
3928.6
3948.4
3948.2
3930.8
3990.0
4076.8
4028.6
3902.8
3912.3
3965.2
3954.9
3863.4
3851.3
3882.2
3951.2
3932.2
3895.1
3907.4
3908.4
3898.2
3906.9
3906.6
3949.3
3970.7
3998.0
4048.0
4112.0
4134.1
4116.5
4066.3
4012.2
3977.0
3972.1
3950.2
4001.3
3877.6
3927.9
4009.7
3994.0
4035.1
4090.7
4176.9
4275.5
4379.9
4345.0
4234.7
4241.2
4390.6
4413.2
4431.9
4530.3
4588.2
4940.3
5819.0
5790.3
5413.3
5490.7
5472.5
5419.4
5423.7
5483.1
5624.0
5709.5
5695.9
5032.1
4092.9
4300.7
4665.0
5085.3
4973.9
4782.2
4798.5
4721.9
4705.9
4659.0
4617.5
4721.8
4824.4
4748.8
4639.6
4653.4
4613.3
4610.4
4524.6
4588.0
4619.1
4600.6
4596.5
4511.4
4404.9
4488.0
4427.0
4426.1
4467.8
4371.9
4267.1
4322.2
4384.5
4408.7
4479.7
4652.8
4523.0
4472.9
4497.3
4519.8
4478.5
4486.7
4502.9
4452.1
4401.9
4439.1
4401.4
4402.8
4377.4
4369.5
4370.1
4369.9
4288.3
4269.1
4271.5
4287.0
4266.9
4318.9
4398.7
4411.0
4297.4
4251.3
4259.2
4226.8
4179.3
4204.5
4277.4
4392.6
4398.4
4324.3
4319.4
4414.6
4463.5
4539.7
4591.1
4550.7
4560.0
4496.4
4436.8
4384.5
4394.1
4320.1
4281.1
4189.4
4196.1
4122.5
4124.2
4183.6
4209.8
4299.6
4379.0
4315.8
4296.6
4393.6
4388.3
4642.5
5232.4
4966.2
5073.3
4967.3
4875.4
5017.9
5213.8
5300.6
5394.4
5365.8
5417.1
5302.6
5373.6
5411.0
5467.0
5592.4
5841.7
5377.0
5461.8
5360.5
5430.1
5534.0
5734.0
5703.5
5616.8
5658.1
5773.4
5829.8
5860.2
6052.8
6053.9
5900.0
5773.2
5749.7
5733.8
5847.5
5879.8
5817.1
5800.6
5826.6
5823.5
5740.9
5669.6
5640.6
5867.6
5855.8
5915.8
6002.8
6015.8
5986.9
5878.1
5816.3
5830.7
5847.8
5919.0
5893.9
5855.5
5819.4
5792.3
5775.7
5788.0
5801.9
5799.1
5779.0
5709.5
5772.7
5558.4
5387.2
5450.2
5363.6
5571.6
5744.9
5605.5
5586.7
5502.9
5360.1
5257.9
5218.3
5125.4
5036.1
5024.6
5047.6
5093.5
4779.7
4829.2
4934.1
4725.1
4695.1
4555.4
4604.9
4604.9
4549.2
4473.7
4400.4
4384.9
4163.2
4287.2
4219.8
4139.0
4108.1
4203.3
4199.2
4181.1
4191.8
4167.8
4174.7
4213.2
4207.6
4218.7
4277.9
4218.1
4207.4
4200.2
4219.0
4258.6
4321.2
4321.1
4369.4
4402.3
4439.3
4400.7
4296.3
4328.3
4336.6
4380.5
4397.5
4402.6
4335.0
4408.7
4503.4
4691.7
4539.3
4519.7
4572.4
4507.9
4439.1
4415.5
4443.7
4479.2
4477.0
4429.1
4411.1
4427.1
4420.6
4388.7
4373.4
4367.9
4356.3
4366.1
4399.7
4368.6
4267.5
4157.1
3984.4
3936.1
4016.0
4014.1
4020.5
4104.4
4101.8
4091.9
4071.9
4077.3
4053.1
4056.3
4061.7
4055.5
4069.8
4089.6
4080.6
4171.3
4239.9
4328.0
4465.0
4468.7
4396.3
4399.4
4400.0
4400.3
4383.4
4348.9
4330.4
4357.0
4521.3
4415.2
4397.3
4380.0
4377.0
4390.5
4434.7
4413.8
4400.0
4499.7
4515.7
4539.7
4532.4
4527.5
4511.9
4571.8
4572.3
4553.6
4559.3
4567.6
4570.0
4590.4
4531.9
4525.3
4537.9
4527.3
4575.5
4594.1
4639.2
4699.2
4650.2
4662.0
4599.6
4596.8
4593.5
4551.3
4556.9
4543.2
4545.2
4546.6
4542.7
4536.3
4544.2
4539.3
4540.7
4546.0
4541.3
4546.2
4484.2
4513.8
4519.0
4517.9
4527.1
4527.3
4520.4
4520.3
4532.2
4547.1
4556.1
4560.9
4552.2
4561.4
4561.4
4552.5
4568.2
4598.4
4607.1
4605.5
4605.2
4599.1
4593.0
4599.0
4643.9
4638.9
4679.0
4790.8
4802.6
4778.6
4787.4
4803.7
4807.3
4838.0
5101.7
5593.2
6002.0
6088.4
5988.6
6001.2
6028.8
6246.9
6622.5
7105.1
7046.8
6916.6
6640.2
6450.7
6505.4
6502.5
6520.7
6549.1
6585.0
6515.7
6626.4
6569.5
6538.5
6427.5
6333.3
6174.2
6341.1
5944.1
6253.0
6312.0
6374.4
6180.7
6043.7
5972.7
6010.8
6026.4
6008.0
6000.4
5939.8
5777.2
5767.2
5877.5
5952.7
5995.7
6012.3
6107.4
6036.1
6143.4
6243.6
6234.4
6238.4
6211.5
6174.0
6209.2
6188.7
6136.2
6195.9
6324.9
6456.9
6564.2
6777.8
6713.8
6684.1
6529.8
6548.2
6565.6
6499.8
6448.2
6400.3
6404.3
6400.3
6423.6
6527.8
6580.2
6600.5
6590.5
6556.0
6469.7
6321.6
6423.3
6727.7
6885.7
6831.3
6898.8
6731.0
6634.2
6619.4
6681.3
6697.5
6697.1
6688.5
6697.0
6788.7
6859.8
6977.6
7131.7
7224.2
7557.2
7420.5
7386.6
7260.6
7077.5
7249.5
7222.9
7262.9
7329.2
7411.6
7517.7
7525.9
7434.1
7425.9
7382.6
7299.2
7300.3
7370.6
7535.0
8015.6
8594.3
8910.4
8653.0
8367.0
8072.9
7932.8
8367.5
7976.3
8125.2
8157.9
8291.0
8207.3
8191.2
8008.3
7888.6
7242.2
7445.3
7722.4
7931.7
7973.7
7996.7
8008.1
7913.4
7983.6
8031.1
8052.3
8100.8
8051.0
8083.7
