       .00098127
       .00103915
       .00110173
       .00116831
       .00123936
       .00131524
       .00139642
       .00148305
       .00157541
       .00167376
       .00177911
       .00189102
       .00201038
       .00213763
       .00227326
       .00241774
       .00257173
       .00273561
       .00291041
       .00309640
       .00329474
       .00350556
       .00373039
       .00396967
       .00422457
       .00449580
       .00478476
       .00509226
       .00541988
       .00576842
       .00613976
       .00653487
       .00695574
       .00740349
       .00788045
       .00838804
       .00892860
       .00950384
       .01011628
       .01076835
       .01146233
       .01220107
       .01298773
       .01382494
       .01471633
       .01566499
       .01667506
       .01775026
       .01889485
       .02011305
       .02141011
       .02279079
       .02426046
       .02582490
       .02749032
       .02926302
       .03115034
       .03315926
       .03529775
       .03757393
       .03999722
       .04257667
       .04532266
       .04824543
       .05135715
       .05466914
       .05819505
       .06194818
       .06594342
       .07019633
       .07472360
       .07954276
       .08467281
       .09013349
       .09594691
       .10213470
       .10872190
       .11573360
       .12319800
       .13114340
       .13960150
       .14860480
       .15818920
       .16839140
       .17925170
       .19081230
       .20311870
       .21621870
       .23016370
       .24500780
       .26080960
       .27763030
       .29553590
       .31459610
       .33488600
       .35648420
       .37947550
       .40394950
       .43000220
       .45773480
       .48725630
       .51868150
       .55213360
       .58774320
       .62564930
       .66600020
       .70895360
       .75467710
       .80334960
       .85516110
       .91031430
       .96902460
      1.03152100
      1.09804900
      1.16886700
      1.21267200
      1.27337500
      1.31963400
      1.35162800
      1.36948400
      1.37327000
      1.36300100
      1.33863900
      1.30008600
      1.27877300
      1.23087700
      1.18779000
      1.14934500
      1.11539100
      1.08579500
      1.06044200
      1.03923200
      1.02208400
      1.00892900
       .99971680
       .99441090
       .99299060
       .99545050
      1.00180000
      1.01206400
      1.02628300
      1.04451200
      1.06682300
      1.09330200
      1.12405300
      1.15919700
      1.19887000
      1.24322800
      1.29244400
      1.34670900
      1.40623800
      1.44757500
      1.50369000
      1.55111400
      1.59003400
      1.62060200
      1.64293600
      1.65712600
      1.66322500
      1.66125700
      1.65121600
      1.63306100
      1.60672300
      1.57209600
      1.52904800
      1.47740900
      1.41697800
      1.34751800
      1.29244300
      1.21873400
      1.14978600
      1.08533100
      1.02511800
       .96890960
       .91648750
       .86764680
       .82219620
       .77995850
       .74076860
       .70447300
       .67093050
       .64000940
       .61158920
       .58555870
       .56181660
       .54026970
       .52083380
       .50343290
       .48799940
       .47447280
       .46280020
       .45293590
       .44484150
       .43848530
       .43384260
       .43089500
       .42963130
       .43004640
       .43214160
       .43592580
       .44141300
       .44862530
       .45759070
       .46834390
       .48092720
       .49538990
       .51178820
       .53018640
       .55065630
       .57327780
       .59813950
       .62533830
       .65498100
       .68718270
       .72206960
       .75977800
       .80045530
       .84426050
       .89136480
       .94195170
       .99621960
      1.05438000
      1.11666100
      1.16751400
      1.22901000
      1.28559800
      1.33749900
      1.38491600
      1.42803500
      1.46702300
      1.50203300
      1.53320200
      1.56065200
      1.58449000
      1.60481000
      1.62168900
      1.63519600
      1.64538100
      1.65228600
      1.65593600
      1.65634700
      1.65352000
      1.64744400
      1.63809500
      1.62543600
      1.60941900
      1.58998000
      1.56704400
      1.54052000
      1.51030700
      1.47628400
      1.43832000
      1.39626600
      1.34995700
      1.29921300
      1.24383500
      1.19939800
      1.14385700
      1.09278600
      1.04598500
      1.00327100
       .96447750
       .92945270
       .89805970
       .87017580
       .84569230
       .82451330
       .80655590
       .79175040
       .78003860
       .77137490
       .76572530
       .76306770
       .76339180
       .76669900
       .77300200
       .78232570
       .79470600
       .81019190
       .82884350
       .85073390
       .87594860
       .90458600
       .93675800
       .97259070
      1.01222300
      1.05581200
      1.09168300
      1.13638000
      1.17823500
      1.21741000
      1.25406100
      1.28832800
      1.32034800
      1.35024300
      1.37813300
      1.40412400
      1.42832000
      1.45081400
      1.47169400
      1.49104300
      1.50893400
      1.52544000
      1.54062300
      1.55454400
      1.56725600
      1.57881000
      1.58925000
      1.59861800
      1.60694900
      1.61427700
      1.62063000
      1.62603300
      1.63050700
      1.63407000
      1.63673500
      1.63851300
      1.63941100
      1.63943200
      1.63857600
      1.63684100
      1.63421800
      1.63069900
      1.62626900
      1.62091100
      1.61460400
      1.60732400
      1.59904100
      1.58972400
      1.57933700
      1.56783700
      1.55518200
      1.54132000
      1.52619900
      1.50975800
      1.49193500
      1.47265800
      1.45185300
      1.42943900
      1.40532700
      1.37942400
      1.35162800
      1.32183100
      1.28991700
      1.25576000
      1.21922800
      1.18017700
      1.13845400
      1.09389800
      1.04633300
       .99557420
       .94142290
       .89551030
       .84125400
       .79028510
       .74240390
       .69742410
       .65516940
       .61547450
       .57818490
       .54315440
       .51024630
       .47933210
       .45029090
       .42300910
       .39738030
       .37330420
       .35068680
       .32943980
       .30948010
       .29072960
       .27311520
       .25656810
       .24102340
       .22642050
       .21270240
       .19981550
       .18770930
       .17633660
       .16565290
       .15561650
       .14618810
       .13733110
       .12901070
       .12119450
       .11385160
       .10695370
       .10047380
       .09438655
       .08866790
       .08329579
       .07824931
       .07350850
       .06905475
       .06487113
       .06094077
       .05724868
       .05378023
       .05052197
       .04746109
       .04458565
       .04188436
       .03934693
       .03696305
       .03472388
       .03261995
       .03064394
       .02878726
       .02704334
       .02540505
       .02386606
       .02242017
       .02106202
       .01978612
       .01858759
       .01746166
       .01640409
       .01541036
       .01447707
       .01360023
       .01277667
       .01200277
       .01127601
       .01059330
       .00995177
       .00934941
       .00878346
       .00825179
       .00775254
       .00728327
       .00684270
       .00642890
       .00604004
       .00567481
       .00533190
       .00500977
       .00470725
       .00442293
       .00415614
       .00390548
       .00367007
       .00344902
       .00324148
       .00304648
       .00286347
       .00269158
       .00253043
       .00237896
       .00223699
       .00210339
       .00197837
       .00186092
       .00175072
       .00164741
       .00155064
       .00145979
       .00137466
       .00129479
       .00122033
       .00115032
       .00108488
       .00102372
       .00096667
       .00091323
       .00086337
       .00081682
       .00077373
       .00073341
       .00069612
       .00066116
       .00062937
       .00059968
       .00057247
       .00054735
       .00052458
       .00050360
       .00048476
       .00046766
       .00045270
       .00043911
       .00042760
       .00041753
       .00040931
       .00040239
       .00039726
       .00039357
       .00039154
       .00039101
       .00039190
       .00039434
       .00039858
       .00040394
       .00041127
       .00041991
       .00043046
       .00044250
       .00045633
       .00047189
       .00048947
       .00050879
       .00053024
       .00055361
       .00057936
       .00060707
       .00063747
       .00067008
       .00070554
       .00074357
       .00078458
       .00082856
       .00087607
       .00092673
