      -.02978041
       .06123539
      -.06178427
       .07547449
       .00234082
       .08818569
      -.08879968
       .09444154
       .02368761
       .07412344
      -.04001027
      -.02975636
      -.04240237
       .04331039
       .08315469
      -.01339013
      -.04467750
      -.04502059
      -.09527829
      -.02972120
       .02461291
      -.04705614
       .07976658
       .03890165
      -.08430218
       .03563797
       .07569704
      -.01132970
       .03159799
       .03088808
      -.07496442
       .07993083
       .01945412
       .08056732
       .02383659
      -.02970276
       .03246065
       .07614120
       .00838255
       .02584193
       .00830186
       .10259810
       .07984225
      -.02396715
       .10295000
       .04041971
       .09834976
      -.07076799
      -.00684202
      -.00819253
       .06496449
       .01985165
       .00382039
      -.00594033
       .00776010
       .06185926
       .10432780
       .05215086
       .11165280
      -.02228216
       .00645873
       .10380110
       .13150250
       .11449260
       .05515356
      -.03226674
      -.03315389
       .09752057
       .11498910
      -.01166272
       .15544010
       .16657920
       .07403915
       .05646922
       .03581167
       .12475280
       .20663770
       .13045230
       .09876858
       .08275840
       .22061050
       .17571380
       .05901238
       .07679918
       .16138790
       .28369020
       .16753390
       .24576420
       .25001770
       .17264070
       .30915710
       .22373280
       .20582730
       .29170890
       .42688060
       .41472010
       .43326270
       .42529520
       .40891940
       .46015480
       .52133630
       .58617050
       .46898230
       .49340940
       .70228500
       .73066820
       .78812210
       .75083170
       .88348450
       .81295970
       .96241500
       .92579470
       .99594030
      1.00312600
      1.08419100
      1.14888100
      1.31850200
      1.22302400
      1.44219600
      1.35257800
      1.35423100
      1.41716200
      1.28646800
      1.26383500
      1.32289600
      1.30451900
      1.10440200
      1.15391000
      1.08686700
      1.06278500
       .97566120
      1.04724000
      1.01620900
       .95613500
      1.09469700
       .90119210
       .89680620
      1.00258000
      1.06433800
       .92929400
       .93615830
      1.05443600
      1.07055100
      1.05104200
      1.04792700
      1.23450300
      1.28224800
      1.21550400
      1.29775600
      1.30149400
      1.32795800
      1.36453300
      1.52125900
      1.59898200
      1.65125600
      1.72015000
      1.63566500
      1.67867300
      1.75300200
      1.59733400
      1.71268200
      1.59252900
      1.69549300
      1.54228000
      1.55975000
      1.55285800
      1.32808600
      1.37767000
      1.32642000
      1.27881400
      1.22168500
      1.14497000
      1.00756800
       .87016990
       .86403780
       .90008710
       .75769140
       .85898880
       .82705120
       .80080440
       .58841760
       .58527330
       .69742290
       .52368480
       .58399750
       .56785270
       .61598500
       .59434120
       .57108840
       .45021510
       .44156510
       .45235650
       .34786000
       .41067170
       .39759890
       .41568930
       .45868410
       .41297220
       .45723500
       .43687270
       .52081860
       .43780150
       .54722150
       .42340130
       .53880010
       .55604330
       .52981350
       .50828360
       .62468490
       .57802360
       .61423240
       .71098290
       .57071390
       .61233280
       .70700410
       .76321710
       .83964660
       .91167230
       .83779390
       .94242240
       .98119540
      1.13417000
      1.17438300
      1.08161300
      1.14756300
      1.37861700
      1.37690300
      1.42044000
      1.45414500
      1.41840700
      1.45648800
      1.57475700
      1.56403500
      1.62966900
      1.62016700
      1.52393100
      1.63224700
      1.64003700
      1.72247400
      1.65760800
      1.60729000
      1.63679200
      1.65916800
      1.58148800
      1.56750300
      1.68038100
      1.50999200
      1.56757700
      1.55523500
      1.58318600
      1.48615300
      1.43315200
      1.42987600
      1.33994500
      1.29374800
      1.30054600
      1.11495600
      1.04980300
      1.07340000
       .95677520
      1.09398400
       .86948360
       .97046850
       .90260640
       .92626070
       .84776030
       .83055500
       .90558220
       .87803430
       .68683030
       .74334900
       .72431360
       .71572730
       .83707920
       .72579150
       .75507070
       .69661830
       .72817030
       .72223570
       .76623100
       .89033990
       .85577820
       .98229330
       .88001970
       .91904280
      1.05907500
      1.11573600
      1.01172600
      1.07365400
      1.18759200
      1.30491500
      1.17616000
      1.19900200
      1.34734500
      1.25310700
      1.30522800
      1.48322200
      1.35517200
      1.40376700
      1.52571100
      1.49174700
      1.52193600
      1.61099300
      1.46824400
      1.50541400
      1.52621700
      1.58795600
      1.59749800
      1.60444500
      1.53170700
      1.68559900
      1.57157600
      1.70774000
      1.62676100
      1.69004000
      1.71226200
      1.54587800
      1.65732400
      1.55729400
      1.60004200
      1.61566700
      1.63729000
      1.67152300
      1.65528600
      1.59151500
      1.67991900
      1.51226600
      1.53651600
      1.59906100
      1.55963200
      1.56665200
      1.58056200
      1.59667700
      1.55470000
      1.47328600
      1.43476000
      1.45198700
      1.35916700
      1.45666200
      1.37113900
      1.43031800
      1.42055600
      1.30776600
      1.22143900
      1.25540600
      1.24736700
      1.22798700
      1.23376400
      1.08829900
      1.08624300
       .92423960
      1.02367500
       .92188210
       .79117290
       .84546890
       .76308540
       .74905590
       .61836850
       .57205900
       .52611720
       .46426200
       .46715120
       .48753250
       .37133000
       .37755920
       .46998520
       .35125960
       .30769730
       .27076040
       .28498350
       .37187640
       .20206880
       .17462700
       .27795090
       .28363250
       .30147070
       .19717690
       .27839760
       .21392680
       .06940983
       .09112462
       .14965960
       .13572970
       .04299659
       .17599040
       .16585230
       .01652944
       .08333267
       .11901010
       .18818080
       .13008180
      -.01313326
      -.00758456
       .16455970
       .03114476
       .09693751
      -.00564616
      -.02693798
       .02526379
       .03647334
      -.03951426
       .02844614
       .13331470
      -.05286738
       .08681026
       .08510375
      -.04405671
      -.03222914
       .05850684
       .06710628
      -.00107804
       .06408273
       .04407195
       .10862500
      -.05856165
       .08601025
      -.01527570
       .03843699
       .02605015
       .05619827
      -.00244274
      -.08376724
      -.00284726
      -.07920223
       .07479423
       .01927537
      -.08928671
      -.03726156
      -.03461735
       .10330260
      -.02990292
      -.06681199
       .09331272
      -.07257888
       .09666985
      -.04742872
      -.02137886
       .10186670
       .04478185
       .09574636
      -.02743903
      -.05381089
      -.02490011
      -.09498112
       .09039494
       .00263523
      -.00799193
       .02231479
       .06104565
       .04016701
      -.05263345
       .01327684
       .07090830
       .02754991
       .06443702
       .01753412
       .07966298
      -.08858847
      -.08514307
      -.06414672
       .06792006
       .01773621
       .04063343
      -.05070352
       .03540061
      -.04364879
      -.05983443
       .00922304
       .01556848
       .07902929
      -.04346882
       .02782634
      -.07612710
       .05912671
      -.08346111
       .03292804
      -.02676464
       .02058402
      -.09938293
      -.02511283
       .07217617
      -.07885157
      -.05904603
      -.02871305
      -.06667203
      -.01294759
       .05824126
       .06401377
       .06221848
      -.08840729
      -.04612299
      -.00160261
       .09977199
       .09609391
       .00829313
      -.05908910
      -.07004406
       .02370944
       .03238183
      -.09014961
       .04722757
      -.05494015
      -.06644130
       .07185218
       .05139342
       .07588764
       .02864181
      -.00881147
      -.00125734
      -.01489366
       .03235850
      -.09525213
