      -.30663560
       .60300160
      -.62775830
       .74423010
       .01225394
       .87001980
      -.90056450
       .93106790
       .22269740
       .72617060
      -.41611470
      -.31458270
      -.44211710
       .41386520
       .81108750
      -.15566100
      -.46992050
      -.47482650
      -.97897650
      -.32507960
       .21647650
      -.50211140
       .76409230
       .35328950
      -.88104280
       .31591760
       .71390750
      -.15912740
       .26720100
       .25696500
      -.80490200
       .74049440
       .13193950
       .73904170
       .16744180
      -.37252000
       .24424920
       .67587750
      -.00722104
       .16150410
      -.02014238
       .91617130
       .68153290
      -.36409600
       .89705270
       .26321210
       .83342210
      -.86743230
      -.23847380
      -.26294270
       .45695390
      -.00660062
      -.18014030
      -.29182740
      -.16981180
       .35522540
       .76292440
       .22307530
       .79884840
      -.56098700
      -.29538760
       .65482140
       .90712150
       .71071720
       .08932126
      -.81468960
      -.85529440
       .41767200
       .55640000
      -.74839420
       .88188870
       .94990720
      -.02166384
      -.24650920
      -.50540540
       .32831600
      1.08787900
       .26292070
      -.12109590
      -.35270650
       .94969120
       .41969440
      -.83357920
      -.74753090
       .00061315
      1.11959100
      -.15273010
       .51167380
       .42870370
      -.47866350
       .74428520
      -.26134460
      -.60155060
       .08572453
      1.25483100
       .93884330
       .91734750
       .61740620
       .21917430
       .48193480
       .82805710
      1.19357100
      -.27937920
      -.35559490
      1.39200600
      1.31268000
      1.50063900
       .71622250
      1.60469900
       .43314690
      1.43132200
       .53672520
       .67571120
       .14882370
       .32211210
       .57476650
      1.72464500
       .35353730
      2.25730300
      1.20042500
      1.18287700
      1.90460300
       .81692730
       .93758000
      1.71999800
      1.96729600
       .35390440
      1.19499300
       .83015840
       .85569450
       .21263490
      1.11930600
       .96333100
       .48098750
      1.94952400
       .06222272
       .03114653
      1.06674100
      1.62717900
       .18435950
       .12503390
      1.14374600
      1.10410400
       .67069910
       .36279260
      1.91226200
      2.03265400
       .96599430
      1.34557000
       .89455490
       .62343800
       .61714920
      1.67938400
      2.02979300
      2.20225800
      2.61609000
      1.57022200
      1.87259900
      2.56099500
      1.02202200
      2.26587500
      1.22773400
      2.49443200
      1.27393000
      1.83606500
      2.23189900
       .52806310
      1.64904200
      1.63221200
      1.81954200
      1.86877900
      1.68171900
       .84961890
      -.01848674
       .39199070
      1.19205000
       .17714820
      1.57026200
      1.60359500
      1.66778700
      -.15419880
       .09264839
      1.46992700
      -.03318065
       .78362660
       .81610050
      1.47234600
      1.41251600
      1.31888900
       .23189590
       .25044950
       .44714170
      -.52497340
       .16034920
       .07140514
       .27883820
       .72015950
       .25930490
       .68307570
       .44539490
      1.23546900
       .34038690
      1.35389900
       .01891804
      1.05965600
      1.10192300
       .69204030
       .31115810
      1.29094200
       .62073580
       .75906860
      1.48178400
      -.18768910
      -.06131631
       .57141460
       .79416860
      1.19236800
      1.51837800
       .35565600
       .94665910
       .84597860
      1.85227600
      1.69388100
       .30850390
       .41453470
      2.21579100
      1.73154000
      1.74015300
      1.68913500
       .98086080
      1.04658100
      1.94875000
      1.59447800
      2.03627300
      1.75838300
       .64410330
      1.60570900
      1.59194300
      2.35417500
      1.67265100
      1.16577100
      1.48624000
      1.76469000
      1.07202800
      1.04610100
      2.31904200
       .79009490
      1.57237900
      1.68767000
      2.23909700
      1.57497600
      1.38664100
      1.73237100
      1.24983700
      1.24456500
      1.81094300
       .35498260
       .20331010
       .89892980
       .15388770
      1.91040200
       .01453876
      1.33961100
       .94352650
      1.43102500
       .86637290
       .88493000
      1.79681800
      1.65458900
      -.15204420
       .49111540
       .35160830
       .28966390
      1.50026600
       .35762390
       .59368900
      -.07474935
       .12934940
      -.06937003
       .20271800
      1.24679400
       .67424420
      1.68165900
       .36937420
       .43711170
      1.48073500
      1.65504800
       .29211260
       .50912000
      1.27180500
      2.09245600
       .47505710
       .39506270
      1.59031800
       .37888380
       .64908410
      2.19510400
       .69683950
       .98034290
      2.01186100
      1.49808500
      1.63895000
      2.38097200
       .81683380
      1.06324200
      1.15686300
      1.67027200
      1.67172800
      1.65689300
       .85453090
      2.32749600
      1.13009200
      2.44309700
      1.59304000
      2.19376900
      2.39200800
       .71216360
      1.81854200
       .81805380
      1.25323700
      1.42510400
      1.66492900
      2.03893500
      1.91644000
      1.32694900
      2.26775500
       .65674130
       .97379060
      1.68309300
      1.38229000
      1.55598100
      1.80898900
      2.09488300
      1.81121400
      1.14503600
       .92018680
      1.26594200
       .52499200
      1.70167100
      1.06345100
      1.88836000
      2.04090100
      1.18117500
       .60514120
      1.25221400
      1.50062200
      1.65828300
      2.09155500
      1.03790400
      1.44543400
       .28222780
      1.76394300
      1.15922900
       .34044280
      1.34212400
       .94921820
      1.21374200
       .28716100
       .18132040
       .05750805
      -.24576960
       .07929504
       .56133620
      -.33931820
      -.03149036
      1.12342900
       .15285750
      -.07920885
      -.25735430
       .06451383
      1.10219800
      -.43734850
      -.56284240
       .61029860
       .79854080
      1.10038600
       .17342970
      1.09459200
       .55223800
      -.79677750
      -.48930250
       .18090270
       .12131710
      -.73113080
       .66915380
       .63385830
      -.79728930
      -.07093722
       .34062190
      1.08379700
       .55115600
      -.83557630
      -.73742210
      1.02410400
      -.27239260
       .42090810
      -.57169970
      -.75340190
      -.20205990
      -.06241643
      -.79641340
      -.09249783
       .97902490
      -.86134120
       .55558760
       .55745790
      -.71636250
      -.58137670
       .34167830
       .44241730
      -.22557500
       .43904580
       .25116130
       .90817500
      -.75290480
       .70294760
      -.30039380
       .24567660
       .13020780
       .43958060
      -.13941750
      -.94569730
      -.12995670
      -.88736190
       .65837640
       .10860900
      -.97191820
      -.44688170
      -.41594630
       .96747620
      -.36061350
      -.72597990
       .87876680
      -.77686200
       .91871130
      -.51937510
      -.25615390
       .97886090
       .41041320
       .92231430
      -.30742090
      -.56915010
      -.27817450
      -.97722960
       .87817820
       .00212808
      -.10269320
       .20173730
       .59032360
       .38273960
      -.54413970
       .11602010
       .69332650
       .26067240
       .63041450
       .16220300
       .78425780
      -.89753780
      -.86241360
      -.65182010
       .66943660
       .16814860
       .39763430
      -.51525430
       .34623570
      -.44383930
      -.60530790
       .08562973
       .14941970
       .78434240
      -.44035250
       .27286630
      -.76642320
       .58634100
      -.83933230
       .32474800
      -.27200930
       .20163130
      -.99790350
      -.25508030
       .71791330
      -.79227350
      -.59414400
      -.29075200
      -.67029580
      -.13301800
       .57888870
       .63661860
       .61865760
      -.88762190
      -.46481700
      -.01966161
       .99401840
       .95715980
       .07905710
      -.59487350
      -.70454760
       .23284740
       .31941310
      -.90607510
       .46750350
      -.55438400
      -.66962720
       .71305820
       .50819690
       .75284560
       .28006820
      -.09480685
      -.01963454
      -.15639360
       .31570040
      -.96086180
