      -.00209490
       .00705877
      -.00518687
       .00859893
       .00134951
       .01000228
      -.00762319
       .01077890
       .00378663
       .00891873
      -.00239983
      -.00127372
      -.00243090
       .00625491
       .01036140
       .00083696
      -.00215319
      -.00204001
      -.00690846
      -.00018536
       .00542655
      -.00155061
       .01133401
       .00746287
      -.00462811
       .00761002
       .01187599
       .00345007
       .00803769
       .00828038
      -.00197066
       .01387447
       .00820558
       .01471987
       .00947606
       .00457896
       .01128180
       .01616758
       .00994291
       .01227571
       .01114628
       .02124077
       .01967318
       .01004573
       .02353969
       .01814047
       .02484253
       .00889844
       .01632116
       .01728249
       .02576555
       .02249688
       .02221645
       .02264838
       .02551730
       .03252264
       .03846808
       .03505842
       .04293326
       .03158832
       .03664337
       .04869912
       .05394065
       .05487015
       .05173679
       .04597555
       .04906016
       .06550542
       .07084799
       .06201043
       .08279525
       .08824640
       .08360944
       .08676706
       .08993339
       .10439650
       .11851350
       .11720550
       .12075500
       .12630490
       .14770240
       .15131570
       .14827150
       .15923220
       .17746530
       .20010010
       .19956030
       .21917330
       .23214910
       .23777110
       .26564430
       .27224050
       .28656500
       .31230740
       .34408550
       .36230780
       .38485430
       .40608410
       .42789390
       .45797680
       .49066430
       .52543040
       .54381840
       .57830980
       .63331280
       .67246700
       .71687050
       .75429250
       .81136310
       .85094100
       .91552440
       .96470160
      1.02796300
      1.08855600
      1.16039900
      1.20629300
      1.27788800
      1.30997300
      1.36068500
      1.36779300
      1.37136600
      1.36841800
      1.33342200
      1.29646100
      1.28318600
      1.23824100
      1.17945100
      1.14980100
      1.11253800
      1.08349400
      1.05196400
      1.04003300
      1.02149600
      1.00365000
      1.00921500
       .98508900
       .98337220
       .99616340
      1.00805400
      1.00378700
      1.01727100
      1.04550500
      1.06719600
      1.08907600
      1.11644100
      1.16672800
      1.20720800
      1.24045500
      1.29297500
      1.34218800
      1.39841000
      1.43927100
      1.50544600
      1.55590100
      1.59615600
      1.63055600
      1.64220900
      1.65928000
      1.67220200
      1.65486500
      1.65736200
      1.62900800
      1.61560000
      1.56911500
      1.53211800
      1.48495400
      1.40808800
      1.35053300
      1.29584100
      1.22474200
      1.15697600
      1.09129500
      1.02336300
       .95903560
       .91124250
       .87089080
       .81574570
       .78786150
       .74939680
       .71410610
       .66267920
       .63453580
       .62017260
       .57937130
       .56403470
       .54302800
       .53034890
       .51252370
       .49630830
       .47204700
       .46067670
       .45287790
       .43514340
       .43570400
       .43021820
       .42937440
       .43253660
       .42833900
       .43465100
       .43602050
       .44935360
       .44754290
       .46655380
       .46384960
       .48671450
       .50145520
       .51359080
       .52799610
       .55805910
       .57375240
       .59974880
       .63390280
       .64655420
       .67969770
       .72056300
       .76012190
       .80437450
       .85100170
       .88600770
       .94199880
       .99471720
      1.06235900
      1.12243300
      1.15892400
      1.22086500
      1.29490000
      1.34144000
      1.38846800
      1.43064600
      1.46216100
      1.49747800
      1.53735800
      1.56099100
      1.58900800
      1.60634600
      1.61191300
      1.63490100
      1.64484700
      1.65930400
      1.65610300
      1.65144100
      1.65184700
      1.64861600
      1.63243400
      1.61964300
      1.61651500
      1.58198100
      1.56709700
      1.54199200
      1.51759500
      1.47727100
      1.43780300
      1.39962700
      1.34895600
      1.29866600
      1.24950600
      1.19095400
      1.13445200
      1.09084700
      1.03706400
      1.01234200
       .95497820
       .93355420
       .89851440
       .87578430
       .84589910
       .82511750
       .81645850
       .80037880
       .77071770
       .76857230
       .76158410
       .75833370
       .77076050
       .76260820
       .77120880
       .77375500
       .78805240
       .80139630
       .82258230
       .85469450
       .87393160
       .91235670
       .93108420
       .96723590
      1.01690900
      1.06180400
      1.08368700
      1.13010700
      1.17917000
      1.22616100
      1.24627000
      1.27939600
      1.32304700
      1.34053000
      1.37084200
      1.41203400
      1.42100500
      1.44610900
      1.47709600
      1.49111300
      1.51023500
      1.53399500
      1.53338500
      1.54963100
      1.56315200
      1.57972400
      1.59007500
      1.59920100
      1.59942500
      1.62140900
      1.61572500
      1.63420400
      1.63013300
      1.63966700
      1.64428800
      1.62924900
      1.64120200
      1.63121800
      1.63472300
      1.63472300
      1.63452600
      1.63478100
      1.62917100
      1.61797200
      1.62113600
      1.59781800
      1.59278900
      1.59065800
      1.57736600
      1.56771900
      1.55772000
      1.54685600
      1.52904900
      1.50611100
      1.48621700
      1.47059100
      1.44258500
      1.43216100
      1.40190800
      1.38451300
      1.35852100
      1.32042500
      1.28306900
      1.25572500
      1.22204200
      1.18495800
      1.14798500
      1.09333800
      1.05032400
       .98844080
       .94964810
       .89814750
       .83624590
       .79580340
       .74447210
       .70258720
       .65148930
       .61113290
       .57297810
       .53526520
       .50593680
       .48015210
       .44239480
       .41846410
       .40464080
       .37109970
       .34638790
       .32357190
       .30703040
       .29884420
       .26601060
       .24837400
       .24471620
       .23214170
       .22157920
       .19955170
       .19677820
       .18009570
       .15602860
       .14916730
       .14653530
       .13717100
       .12040930
       .12667410
       .11905170
       .09791131
       .09875965
       .09684891
       .09861919
       .08797439
       .06911105
       .06539919
       .07860524
       .06149849
       .06454045
       .05095920
       .04570841
       .04799615
       .04636232
       .03617565
       .04054054
       .04874371
       .02798000
       .03993252
       .03786833
       .02317388
       .02268562
       .03018969
       .02957517
       .02137165
       .02658642
       .02336301
       .02867001
       .01087267
       .02431652
       .01323611
       .01771303
       .01563438
       .01786003
       .01125473
       .00242577
       .00986368
       .00161374
       .01643602
       .01034200
      -.00102356
       .00370045
       .00351555
       .01688520
       .00316814
      -.00089519
       .01476730
      -.00215056
       .01446570
      -.00023408
       .00209864
       .01416731
       .00821871
       .01308956
       .00055916
      -.00227697
       .00042732
      -.00675628
       .01161661
       .00268595
       .00147819
       .00437254
       .00811786
       .00590975
      -.00348281
       .00300251
       .00866648
       .00423766
       .00783928
       .00306722
       .00920349
      -.00769353
      -.00741601
      -.00537938
       .00776840
       .00269497
       .00493334
      -.00424844
       .00431710
      -.00362974
      -.00528709
       .00158237
       .00218336
       .00849798
      -.00378045
       .00332235
      -.00709748
       .00640529
      -.00787399
       .00374604
      -.00224018
       .00247929
      -.00953086
      -.00211609
       .00760246
      -.00750938
      -.00553623
      -.00250915
      -.00630966
      -.00094055
       .00617651
       .00675328
       .00657456
      -.00848582
      -.00425358
       .00020329
       .01034734
       .00998731
       .00121673
      -.00551066
      -.00659371
       .00279565
       .00367871
      -.00855705
       .00519998
      -.00499577
      -.00612271
       .00773158
       .00571307
       .00819183
       .00349917
      -.00021194
       .00058038
      -.00074366
       .00402431
      -.00869115
